● 検査機関で分析した数値および「日本食品標準成分表」に基づき算出しております。（推定値）
● ひとつひとつ手作りしているため、実際の商品は数値に誤差が出る場合がありますのでご了承ください。
● 表示した数値には、お好みでお使いいただく調味料は含まれていません。（紅生姜、醤油、七味、山椒、ドレッシング）
(kcal) (g) (g) (g) (g)
小盛 517 27.1 16.0 64.7 2.1
並盛 673 30.0 16.5 99.7 3.0
大盛 794 32.1 16.9 127.0 3.0
小盛 599 33.8 21.6 64.9 2.3
並盛 754 36.7 22.1 99.8 3.3
大盛 875 38.7 22.5 127.2 3.3
小盛 640 35.3 25.7 65.7 2.7
並盛 795 38.2 26.2 100.7 3.6
大盛 916 40.2 26.6 128.0 3.6
小盛 805 36.2 38.6 75.9 3.0
並盛 960 39.1 39.1 110.9 3.9
大盛 1081 41.2 39.5 138.2 3.9
小盛 723 29.6 33.1 75.8 2.8
並盛 879 32.5 33.6 110.7 3.7
大盛 1000 34.5 34.0 138.1 3.7
並盛 851 36.5 28.2 109.8 4.9
大盛 972 38.5 28.6 137.2 4.9
並盛 667 34.4 14.1 99.5 3.2
大盛 788 36.4 14.5 126.9 3.2
並盛 748 41.0 19.7 99.7 3.4
大盛 870 43.1 20.1 127.0 3.4
並盛 735 40.2 19.6 99.6 3.3
大盛 856 42.2 20.0 127.0 3.3
小盛 495 12.9 16.7 71.4 2.4
並盛 630 15.7 17.2 105.7 2.9
大盛 769 17.7 17.6 133.0 2.9
特盛 990 25.9 33.4 142.7 4.7
小盛 577 19.6 22.2 71.5 2.6
並盛 712 22.3 22.7 105.8 3.1
大盛 851 24.4 23.2 133.2 3.1
特盛 1072 32.5 38.9 142.8 4.9
小盛 563 18.7 22.2 71.4 2.5
並盛 699 21.5 22.7 105.7 3.0
大盛 838 23.5 23.1 133.1 3.0
特盛 1088 32.5 38.9 148.8 5.9
サイズ 熱量 炭水化物	たんぱく質 脂質 食塩相当量
とろたま牛すき丼
カテゴリー メニュー
チーズ親子丼
とろたまねぎラー親子丼
ねぎラー親子丼
牛あいがけ親子丼
牛すき丼
親
子
丼
親子丼
とろたま親子丼
更新日 2026年8月19日
なか卯メニュー 栄養成分一覧表
牛
す
き
丼
絶品炭火焼き親子重
とろたま絶品炭火焼き親子重
温たま絶品炭火焼き親子重
温たま牛すき丼

-- 1 of 9 --

(kcal) (g) (g) (g) (g)
サイズ 熱量 炭水化物	たんぱく質 脂質 食塩相当量
カテゴリー メニュー
小盛 437 24.5 8.5 64.6 1.8
並盛 592 27.1 9.0 99.8 1.8
大盛 696 28.9 9.4 123.3 1.8
特盛 823 46.8 15.0 123.6 2.7
小盛 547 31.7 15.2 68.8 2.9
並盛 702 34.3 15.7 104.0 2.9
大盛 806 36.1 16.1 127.5 2.9
特盛 933 54.1 21.6 127.8 3.8
小盛 456 26.2 8.6 68.3 1.8
並盛 611 28.8 9.1 103.5 1.8
大盛 715 30.6 9.5 127.0 1.8
特盛 843 48.6 15.0 127.3 2.8
小盛 473 25.8 8.5 72.7 1.3
並盛 612 28.2 9.0 104.0 1.3
大盛 733 30.2 9.4 131.4 1.3
特盛 860 48.1 14.9 131.7 2.2
小盛 832 28.4 39.2 87.8 2.5
並盛 973 31.4 39.7 123.8 3.7
大盛 1112 33.4 40.1 151.2 3.7
小盛 628 22.8 24.5 75.8 3.4
並盛 777 26.0 25.0 113.0 4.7
大盛 916 28.0 25.4 140.4 4.7
小盛 750 30.9 34.1 76.7 4.0
並盛 899 34.1 34.6 113.9 5.2
大盛 1038 36.1 35.0 141.3 5.2
小盛 953 36.5 48.8 88.8 3.0
並盛 1095 39.5 49.3 124.7 4.2
大盛 1234 41.5 49.7 152.1 4.2
並盛 1166 38.2 51.4 137.0 6.1
大盛 1305 40.3 51.8 164.3 6.1
牛あいがけカツ丼
海
鮮
丼
まぐろのたたき丼
チーズカツ丼
カ
ツ
丼
チーズ牛とじ丼
牛とじ丼
カツ丼
かつお節オクラまぐろたたき丼
まぐろユッケ丼
山かけまぐろたたき丼

-- 2 of 9 --

(kcal) (g) (g) (g) (g)
サイズ 熱量 炭水化物	たんぱく質 脂質 食塩相当量
カテゴリー メニュー
小盛 701 24.1 27.1 88.1 2.9
並盛 971 32.8 36.2 130.1 4.0
大盛 1110 34.9 36.7 157.5 4.0
小盛 907 26.5 44.1 99.2 3.5
並盛 1195 35.3 53.3 141.2 4.6
大盛 1316 37.3 53.7 168.6 4.6
小盛 900 24.1 27.1 97.5 3.5
並盛 1170 32.8 36.2 139.5 4.6
大盛 1309 34.9 36.7 166.9 4.6
小盛 782 30.7 32.7 88.3 3.1
並盛 1052 39.5 41.8 130.3 4.2
大盛 1192 41.5 42.2 157.7 4.2
小盛 770 24.4 34.6 88.2 3.0
並盛 1039 33.1 43.7 130.2 4.2
大盛 1179 35.1 44.1 157.6 4.2
並盛 572 11.7 12.6 107.4 3.9
大盛 711 13.8 13.0 134.7 3.9
2倍盛 1179 23.5 25.1 214.8 7.8
並盛 1003 25.6 43.1 130.4 4.9
大盛 1142 27.7 43.5 157.7 4.9
2倍盛 1610 37.4 55.6 237.8 8.8
並盛 693 19.9 22.2 108.3 4.5
大盛 833 21.9 22.6 135.7 4.5
2倍盛 1301 31.6 34.8 215.7 8.4
並盛 653 18.4 18.1 107.5 4.1
大盛 792 20.4 18.6 134.9 4.1
2倍盛 1261 30.1 30.7 214.9 8.0
並盛 750 18.2 24.2 117.5 5.8
大盛 889 20.2 24.7 144.9 5.8
2倍盛 1357 29.9 36.8 224.9 9.7
小盛 679 14.9 25.1 99.4 1.9
並盛 817 17.2 25.6 130.7 1.9
大盛 938 19.2 26.0 158.0 1.9
並盛 1012 25.0 35.2 149.4 2.5
大盛 1133 27.1 35.7 176.8 2.5
並盛 709 24.5 21.2 105.0 2.1
大盛 830 26.5 21.7 132.3 2.1
特盛 1071 42.0 39.6 136.9 3.0
豪快盛 1313 57.4 57.5 141.5 3.9
並盛 887 30.9 32.9 115.1 4.0
大盛 1008 33.0 33.3 142.5 4.0
特盛 1249 48.4 51.2 147.1 4.9
並盛 1011 48.8 36.4 120.5 6.7
大盛 1132 50.8 36.8 147.9 6.7
特盛 1373 66.3 54.7 152.5 7.5
うな重
牛すきうな重
うなぎあいがけ親子丼
う
な
丼
和風カレー
和風カツカレー
天
丼
和風こだわり卵カレー
海老天丼
上海老天丼
とろたま鶏から丼
ねぎラー鶏から丼
和風チーズカレー
鶏から丼
鶏
か
ら
丼
和風牛あいがけカレー
カ
レ
ー
食べラー鶏から丼
マヨ鶏から丼

-- 3 of 9 --

(kcal) (g) (g) (g) (g)
サイズ 熱量 炭水化物	たんぱく質 脂質 食塩相当量
カテゴリー メニュー
並 540 16.0 17.9 77.5 4.1
大 646 18.6 18.3 99.2 4.3
特 751 21.2 18.7 120.9 4.7
並 630 16.7 25.0 83.4 4.1
大 735 19.3 25.4 105.0 4.4
特 840 21.9 25.8 126.6 4.7
小 189 4.6 3.5 36.3 2.4
並 356 8.5 6.9 67.4 2.7
大 489 12.2 7.6 96.6 3.0
並 248 7.2 0.8 50.8 4.4
大 353 9.8 1.2 72.4 4.7
特 458 12.4 1.6 94.0 5.0
小 221 7.1 7.9 29.6 2.4
並 435 13.9 15.2 58.8 4.9
大 540 16.5 15.6 80.4 5.2
小 289 12.8 13.4 29.7 2.6
並 503 19.7 20.7 58.8 5.0
大 608 22.3 21.1 80.4 5.3
小 243 7.9 8.3 33.5 3.7
並 457 14.7 15.7 62.6 6.1
大 562 17.3 16.1 84.2 6.4
小 311 13.7 13.8 33.6 3.8
並 525 20.5 21.2 62.7 6.3
大 630 23.1 21.6 84.3 6.6
並 277 7.0 0.9 58.2 6.4
大 382 9.6 1.3 79.8 6.7
並 295 8.7 1.0 61.7 6.4
大 400 11.3 1.4 83.3 6.7
小 157 4.8 0.8 33.1 1.4
並 312 9.5 1.5 65.9 2.8
大 445 13.4 2.2 93.8 3.1
小 175 6.5 0.8 36.5 1.4
並 330 11.2 1.6 69.3 2.8
大 463 15.1 2.3 97.2 3.1
並 423 13.8 13.8 57.6 5.3
大 528 16.4 14.2 79.2 5.5
並 502 15.8 19.7 62.1 5.0
大 607 18.4 20.1 83.7 5.3
並 321 8.9 6.7 54.1 3.5
大 426 11.5 7.1 75.7 3.8
特 531 14.1 7.5 97.3 4.1
海老天ざるうどん（3種盛）
冷やしはいからうどん
冷やし担々うどん
海老天ざるうどん（5種盛）
冷
う
ど
ん
ざるうどん
すだちおろしうどん
かつお節オクラすだちおろしうどん
冷やし牛肉つけうどん
温たま冷やし担々うどん
痺辛麻辣冷やし担々うどん
金胡麻冷やし牛肉つけうどん
温たま痺辛麻辣冷やし担々うどん
金胡麻だれざるうどん
紀州南高梅おろしうどん
かつお節オクラ梅おろしうどん

-- 4 of 9 --

(kcal) (g) (g) (g) (g)
サイズ 熱量 炭水化物	たんぱく質 脂質 食塩相当量
カテゴリー メニュー
小 179 4.4 3.2 32.9 4.5
並 321 7.1 6.4 58.6 4.6
大 429 9.5 6.8 82.4 4.7
小 250 10.6 8.8 30.9 3.3
並 402 13.7 11.9 58.8 4.8
大 511 16.1 12.3 82.5 5.0
小 248 9.4 8.6 33.2 3.5
並 482 17.9 17.2 63.6 5.6
大 590 20.4 17.6 87.3 5.7
並 472 10.5 17.5 67.8 4.2
大 580 12.9 17.9 91.5 4.3
並 575 20.3 18.3 82.9 4.7
大 683 22.7 18.8 106.6 4.8
並 665 21.0 25.5 88.8 4.7
大 773 23.4 25.9 112.5 4.8
月見うどん
和風カレーうどん
きつねうどん
はいからうどん
海老天ぷらうどん（5種盛）
海老天ぷらうどん（3種盛）
温
う
ど
ん

-- 5 of 9 --

(kcal) (g) (g) (g) (g)
サイズ 熱量 炭水化物	たんぱく質 脂質 食塩相当量
カテゴリー メニュー
並 601 23.4 20.0 82.7 3.5
大 735 29.6 21.4 106.8 3.5
特 868 35.9 22.8 130.8 3.5
並 690 24.1 27.2 88.7 3.5
大 824 30.3 28.6 112.7 3.5
特 958 36.6 30.0 136.7 3.5
小 195 5.8 3.6 34.7 2.0
並 365 11.0 7.2 64.3 2.1
大 501 15.8 7.9 91.6 2.1
並 308 14.6 3.0 55.8 3.7
大 442 20.9 4.4 79.9 3.7
特 575 27.2 5.9 103.9 3.7
小 252 9.3 8.2 35.3 2.1
並 497 18.4 15.9 70.3 4.3
大 633 23.2 16.7 97.6 4.3
小 320 15.1 13.7 35.4 2.3
並 565 24.1 21.4 70.4 4.4
大 701 29.0 22.2 97.7 4.4
小 274 10.2 8.7 39.2 3.4
並 519 19.2 16.4 74.2 5.5
大 655 24.1 17.2 101.5 5.5
小 342 15.9 14.2 39.3 3.5
並 587 25.0 21.9 74.3 5.7
大 723 29.9 22.7 101.6 5.7
並 338 11.5 1.6 69.8 5.8
大 474 16.4 2.4 97.1 5.8
並 357 13.2 1.7 73.2 5.8
大 493 18.1 2.4 100.5 5.8
小 159 5.7 0.8 32.5 1.1
並 318 11.4 1.6 64.8 2.2
大 454 16.2 2.4 92.2 2.2
小 176 8.8 1.5 32.6 1.1
並 332 15.9 3.0 61.6 2.2
大 466 22.2 4.5 85.6 2.2
並 485 18.3 14.5 69.1 4.7
大 621 23.1 15.3 96.5 4.7
並 564 20.3 20.4 73.6 4.4
大 700 25.1 21.2 101.0 4.4
並 383 13.4 7.4 65.6 2.9
大 519 18.3 8.2 92.9 2.9
特 654 23.1 9.0 120.3 2.9
海老天ざるそば（5種盛）
冷
そ
ば
冷やし担々そば
温たま冷やし担々そば
ざるそば
海老天ざるそば（3種盛）
痺辛麻辣冷やし担々そば
温たま痺辛麻辣冷やし担々そば
冷やしはいからそば
紀州南高梅おろしそば
かつお節オクラすだちおろしそば
冷やし牛肉つけそば
金胡麻冷やし牛肉つけそば
金胡麻だれざるそば
かつお節オクラ梅おろしそば
すだちおろしそば

-- 6 of 9 --

(kcal) (g) (g) (g) (g)
サイズ 熱量 炭水化物	たんぱく質 脂質 食塩相当量
カテゴリー メニュー
小 207 6.9 3.5 36.5 4.1
並 393 12.8 7.1 69.3 6.1
大 529 17.6 7.8 96.7 6.1
小 287 12.4 8.9 39.0 4.6
並 440 18.0 9.7 69.9 6.6
大 576 22.8 10.5 97.2 6.6
小 288 13.6 9.1 36.7 4.3
並 475 19.4 12.6 69.5 6.3
大 611 24.3 13.4 96.9 6.3
並 643 28.8 20.3 86.8 6.1
大 777 35.1 21.8 110.8 6.1
並 733 29.5 27.5 92.7 6.1
大 867 35.8 28.9 116.8 6.1
小盛 884 26.1 41.2 100.9 6.0
並盛 1022 28.5 41.6 132.1 6.0
大盛 1143 30.5 42.1 159.5 6.0
W 小盛 1325 41.3 71.9 123.8 9.0
W 並盛 1464 43.6 72.3 155.4 9.0
W 大盛 1584 45.6 72.8 182.5 9.0
小盛 812 40.3 31.0 94.0 6.8
並盛 950 42.6 31.5 125.2 6.8
大盛 1071 44.7 31.9 152.6 6.8
W 小盛 1181 69.6 51.6 110.1 10.4
W 並盛 1319 72.0 52.1 141.3 10.4
W 大盛 1440 74.0 52.5 168.7 10.4
小盛 412 15.6 8.5 68.1 3.5
並盛 532 18.0 9.0 99.4 3.5
大盛 672 20.0 9.4 126.8 3.5
小盛 415 15.1 9.5 67.0 2.8
並盛 535 17.5 10.0 98.3 2.8
大盛 674 19.5 10.4 125.7 2.8
小盛 500 19.5 16.9 67.6 3.4
並盛 621 21.8 17.4 98.8 3.4
大盛 760 23.8 17.8 126.2 3.4
小盛 458 20.5 11.7 68.5 4.3
並盛 578 22.9 12.2 99.8 4.3
大盛 717 24.9 12.6 127.2 4.3
銀鮭朝食
定
食
朝
食
温
そ
ば 月見そば
牛カルビ定食
豚しょうが焼き定食
目玉焼きベーコン朝食
はいからそば
海老天ぷらそば（5種盛）
海老天ぷらそば（3種盛）
こだわり卵朝食
目玉焼き朝食
きつねそば

-- 7 of 9 --

(kcal) (g) (g) (g) (g)
サイズ 熱量 炭水化物	たんぱく質 脂質 食塩相当量
カテゴリー メニュー
6 0.5 0.0 1.1 0.7
178 6.5 11.7 10.2 1.9
132 13.3 7.4 3.1 2.0
83 4.2 7.4 0.0 0.6
小盛 260 4.3 0.9 58.6 0.0
並盛 380 6.6 1.3 89.9 0.0
大盛 519 8.7 1.8 117.3 0.0
82 6.6 5.6 0.2 0.2
68 5.8 5.5 0.1 0.1
61 3.3 2.0 7.3 2.5
167 10.1 5.4 19.7 3.6
19 0.9 0.2 3.8 0.1
1個 151 6.1 9.5 9.5 0.6
2個 302 12.2 18.9 19.1 1.2
3個 453 18.2 28.4 28.6 1.8
4個 604 24.3 37.8 38.1 2.4
5個 755 30.4 47.3 47.6 3.0
320 10.7 17.1 31.5 2.4
410 11.4 24.3 37.4 2.4
205 7.7 12.2 14.4 5.7
91 6.6 6.6 0.2 0.2
539 17.3 38.0 30.2 3.0
468 31.5 27.9 23.4 3.8
48 1.4 0.0 10.6 0.1
82 6.7 4.0 6.4 0.5
127 11.6 8.8 0.6 1.1
4 0.8 0.1 0.9 0.1
17 0.2 0.0 4.0 1.8
18 1.7 0.1 3.4 0.0
17 0.5 0.1 4.1 0.0
250 9.0 15.8 15.7 2.9
275 23.4 15.1 9.7 3.0
593 24.7 38.3 33.9 3.7
415 20.8 24.8 23.1 4.7
261 15.8 17.9 8.9 1.4
特盛 502 31.2 35.8 13.5 2.3
114 5.7 8.2 4.5 0.5
199 2.2 17.0 9.4 0.7
6 0.3 0.1 1.4 0.0
122 8.1 9.6 0.9 0.6
174 3.3 11.0 15.3 0.1
牛すき皿
具だくさんとん汁
牛カルビ（単品）
彩り野菜サラダ
カツとじ皿
牛小鉢(単品)
つけもの
こだわり卵のプリン(カスタード)
海老天ぷら盛り合わせ（5種）
銀鮭(単品)
すだち(単品)
鶏から(単品)
ライス
紀州南高梅(単品)
豚しょうが焼き（単品）
海老天ぷら盛り合わせ（3種）
こだわり卵
牛とじ皿
うな皿
こだわり温たま
ベーコン(単品)
鶏小鉢(単品)
お
か
ず
追加チーズ
追加青ネギ
食べるラー油
のり(単品)
みそ汁
とろろ(単品)
肉すい
かつお節オクラ(単品)
きつねあげ(単品)
目玉焼き(単品)
納豆(単品)
親子皿

-- 8 of 9 --

(kcal) (g) (g) (g) (g)
サイズ 熱量 炭水化物	たんぱく質 脂質 食塩相当量
カテゴリー メニュー
244 9.0 8.6 32.5 3.5
268 9.9 8.9 38.3 2.8
132 3.6 0.5 28.7 3.2
156 4.5 0.8 34.5 2.6
319 6.4 5.4 64.4 2.0
465 26.3 15.9 56.0 2.1
512 12.5 20.0 70.7 3.6
536 13.5 20.3 76.4 2.9
400 7.1 11.9 66.8 3.4
424 8.1 12.2 72.6 2.7
587 9.9 16.8 102.6 2.2
734 29.8 27.3 94.1 2.2
94 0.2 0.4 22.8 0.0
1 0.0 0.0 0.1 0.0
1 0.0 0.0 0.1 0.0
49 0.4 3.0 5.2 0.1
109 0.9 6.6 11.4 0.2
104 1.0 2.5 19.2 0.3
216 2.2 5.3 40.0 0.6
12 0.0 0.0 3.0 0.0
22 0.0 0.0 5.6 0.0
12 0.2 1.1 0.2 0.0
5 0.5 0.0 0.5 0.0
134 0.0 0.0 33.5 0.0
146 0.3 0.3 35.1 0.0
87 1.2 1.9 16.4 0.0
150 2.3 3.8 27.3 0.0
80 1.2 1.9 14.9 0.0
144 2.3 3.8 25.8 0.0
お子様わかめうどん
※店舗によって、お取り扱いメニューが異なる場合がございます。
ゆずネードスカッシュ
ホットココア
お
子
様
メ
ニ
ュ
ー
ホットコーヒー
ガムシロップ
スティックシュガー
アイスココア
お子様冷やしわかめうどん
カフェオレ
アイスカフェオレ
お子様親子丼ぶりセット
お子様親子丼ぶり
お子様カレー丼ぶり
グリーンレモンスカッシュ
ミルク葛アイス(ごろっとマンゴー)
ド
リ
ン
ク
・
デ
ザ
ー
ト
ミルク葛アイス(ごろっと苺)
Wミルク葛アイス(ごろっと苺)
Wミルク葛アイス(ごろっとマンゴー)
お子様冷やしわかめうどんセット
アイスコーヒー
お子様わかめうどんセット
お子様ジュース
お子様冷やしきつねうどんセット
お子様きつねうどん
お子様きつねうどんセット
お子様冷やしきつねうどん
黒烏龍茶
コーヒーフレッシュ
お子様カレー丼ぶりセット

-- 9 of 9 --

