栄養成分について
● 検査機関で分析した数値および「日本食品標準成分表」に基づき算出しております。
● ひとつひとつ手作りしているため、実際の商品は数値に誤差が出る場合がありますのでご了承ください。
● 表示した数値には、お好みでお使いいただく調味料は含まれていません。（紅生姜、醤油、ドレッシング、七味、カルビ追いダレなど）
(kcal) (g) (g) (g) (g)
ミニ 204 10.4 15.1 7.0 1.7
並盛 297 15.0 22.0 9.9 2.4
中盛 423 21.1 32.3 12.2 2.8
２倍盛 581 29.1 43.8 17.6 4.2
３倍盛 865 43.3 65.7 25.5 5.9
４倍盛 1232 61.3 93.9 35.3 8.1
５倍盛 1435 71.4 109.4 41.2 9.5
ミニ 464 14.8 16.0 65.7 1.7
並盛 695 21.7 23.4 99.8 2.4
中盛 752 26.6 33.4 86.5 2.8
大盛 908 28.4 30.7 130.1 3.1
特盛 1100 37.8 45.6 134.9 4.2
メガ 1365 50.8 66.3 141.6 5.6
ミニ 487 15.8 16.1 69.6 2.8
並盛 718 22.6 23.5 103.7 3.5
中盛 775 27.5 33.5 90.4 3.9
大盛 931 29.3 30.8 134.0 4.2
特盛 1123 38.7 45.7 138.8 5.3
メガ 1388 51.7 66.4 145.5 6.8
ミニ 562 22.0 22.4 68.6 2.5
並盛 793 28.9 29.8 102.7 3.2
中盛 855 33.8 39.8 89.4 3.6
大盛 1006 35.6 37.1 133.0 3.9
特盛 1198 45.0 52.0 137.8 5.0
メガ 1463 58.0 72.7 144.5 6.5
ミニ 640 26.0 29.3 68.7 2.7
並盛 871 32.9 36.7 102.8 3.5
中盛 928 37.8 46.7 89.5 3.8
大盛 1084 39.6 44.0 133.1 4.2
特盛 1276 49.0 58.9 137.9 5.3
メガ 1541 62.0 79.6 144.6 6.7
ミニ 517 16.3 16.1 77.0 1.9
並盛 748 23.2 23.5 111.1 2.6
中盛 804 28.1 33.5 97.9 3.0
大盛 961 29.9 30.8 141.4 3.3
特盛 1153 39.3 45.7 146.2 4.4
メガ 1418 52.3 66.4 152.9 5.9
ミニ 485 16.6 16.1 69.4 2.6
並盛 716 23.5 23.5 103.5 3.3
中盛 773 28.4 33.5 90.2 3.7
大盛 929 30.2 30.8 133.8 4.0
特盛 1121 39.6 45.7 138.6 5.1
メガ 1386 52.6 66.4 145.3 6.6
ミニ 564 16.4 24.1 70.0 4.1
並盛 795 23.3 31.5 104.1 4.9
中盛 852 28.2 41.5 90.8 5.3
大盛 1008 30.0 38.8 134.4 5.6
特盛 1200 39.4 53.7 139.2 6.7
メガ 1465 52.4 74.4 145.9 8.1
更新日 2026年8月18日
牛皿
カロリー
すき家メニュー 栄養成分一覧表
食塩相当量	脂質	たんぱく質
サイズ	カテゴリー メニュー
ねぎ玉牛丼
高菜明太マヨ牛丼
とろ～り3種のチーズ牛丼
わさび山かけ牛丼
かつぶしオクラ牛丼
牛
丼
牛丼
おろしポン酢牛丼
炭水化物

-- 1 of 9 --

(kcal) (g) (g) (g) (g)
カロリー 食塩相当量	脂質	たんぱく質
サイズ	カテゴリー メニュー 炭水化物
ミニ 494 16.4 16.4 70.7 3.4
並盛 725 23.3 23.8 104.8 4.2
中盛 782 28.2 33.8 91.5 4.5
大盛 938 30.0 31.1 135.1 4.8
特盛 1130 39.4 46.0 139.9 6.0
メガ 1395 52.4 66.7 146.6 7.4
ミニ 720 26.6 34.8 75.2 3.0
並盛 956 33.7 42.7 109.4 3.8
中盛 1022 39.2 53.4 96.4 4.2
大盛 1190 40.9 50.1 143.9 4.7
特盛 1399 51.2 66.6 149.0 5.7
メガ 1681 65.1 88.7 156.1 7.2
ミニ 622 19.7 25.0 79.7 4.2
並盛 858 26.8 32.9 113.9 5.0
中盛 924 32.3 43.6 100.9 5.4
大盛 1092 34.0 40.3 148.4 5.9
特盛 1301 44.3 56.8 153.5 6.9
メガ 1583 58.2 78.9 160.6 8.4
ミニ 538 16.7 20.0 74.7 2.8
並盛 769 23.6 27.4 108.8 3.5
中盛 826 28.5 37.4 95.5 3.9
大盛 982 30.3 34.7 139.1 4.2
特盛 1174 39.7 49.6 143.9 5.3
メガ 1439 52.7 70.3 150.6 6.7
ミニ 581 18.8 20.6 81.8 2.9
並盛 812 25.7 28.0 115.9 3.6
中盛 869 30.6 38.0 102.6 4.0
大盛 1025 32.4 35.3 146.2 4.3
特盛 1217 41.8 50.2 151.0 5.4
メガ 1482 54.8 70.9 157.7 6.9
ミニ 623 20.1 22.1 87.6 3.7
並盛 854 27.0 29.5 121.7 4.4
中盛 911 31.9 39.5 108.4 4.8
大盛 1067 33.7 36.8 152.0 5.1
特盛 1259 43.1 51.7 156.8 6.2
メガ 1524 56.1 72.4 163.5 7.7
ミニ 311 18.5 19.9 14.7 1.8
並盛 399 22.8 26.8 16.7 2.2
大盛 487 27.1 33.6 18.8 2.7
ミニ 402 25.3 26.3 16.9 1.8
並盛 476 29.1 33.0 16.3 2.2
大盛 577 33.8 40.0 21.0 2.7
ミニ 480 29.2 33.2 16.9 2.1
並盛 568 33.5 40.1 19.0 2.5
大盛 655 37.8 46.9 21.1 3.0
ミニ 356 19.5 20.0 25.2 1.2
並盛 444 23.8 26.9 27.3 1.7
大盛 531 28.1 33.7 29.4 2.1
ミニ 404 19.6 28.0 18.3 3.5
並盛 492 23.9 34.9 20.4 3.9
大盛 579 28.2 41.7 22.5 4.4
ミニ 323 18.7 20.0 17.4 1.8
並盛 411 23.0 26.9 19.5 2.2
大盛 498 27.3 33.7 21.6 2.7
ミニ 334 20.5 20.0 19.9 1.9
並盛 422 24.8 26.9 22.0 2.4
大盛 509 29.1 33.7 24.1 2.8
キムチ牛丼
牛
丼
ダブルニンニク牛丼
トリプルニンニク牛丼
にんにく明太マヨチーズ牛丼
にんにく明太マヨキムチ牛丼
ニンニクの芽牛丼
かつぶしオクラ牛丼ライト
ねぎ玉牛丼ライト
とろ～り3種のチーズ牛丼ライト
高菜明太マヨ牛丼ライト
おろしポン酢牛丼ライト
牛
丼
ラ
イ
ト
わさび山かけ牛丼ライト
牛丼ライト

-- 2 of 9 --

(kcal) (g) (g) (g) (g)
カロリー 食塩相当量	脂質	たんぱく質
サイズ	カテゴリー メニュー 炭水化物
ミニ 334 19.6 20.3 19.0 2.8
並盛 422 23.9 27.2 21.1 3.2
大盛 530 29.2 35.6 23.6 3.8
ミニ 324 19.6 20.1 17.2 2.6
並盛 417 24.2 27.0 20.1 3.3
大盛 509 28.9 33.9 23.0 4.0
並盛 359 15.5 22.1 26.6 1.7
並盛 247 24.5 7.8 21.5 0.9
ミニ 390 7.5 8.1 72.0 2.0
並盛 653 12.8 15.7 115.2 3.6
大盛 967 19.0 23.5 170.3 5.2
メガ 1311 25.6 31.4 231.8 7.7
ミニ 584 17.2 23.1 77.4 3.2
並盛 847 22.5 30.7 120.6 4.8
大盛 1161 28.7 38.5 175.7 6.4
メガ 1505 35.3 46.4 237.2 8.9
ミニ 566 18.7 21.4 75.0 3.1
並盛 829 24.0 29.0 118.3 4.7
大盛 1143 30.2 36.8 173.3 6.3
メガ 1487 36.8 44.7 234.8 8.8
ミニ 474 14.3 13.8 72.1 2.2
並盛 737 19.6 21.5 115.4 3.8
大盛 1051 25.8 29.2 170.5 5.4
メガ 1395 32.4 37.2 231.9 7.9
ミニ 650 25.5 27.1 75.1 3.3
並盛 913 30.8 34.8 118.4 4.9
大盛 1227 37.0 42.5 173.5 6.5
メガ 1571 43.6 50.5 234.9 9.0
ミニ 668 24.0 28.8 77.5 3.4
並盛 931 29.3 36.5 120.8 5.0
大盛 1245 35.5 44.2 175.9 6.6
メガ 1589 42.1 52.2 237.3 9.1
ミニ 760 28.4 42.8 75.9 3.4
並盛 1023 33.7 44.0 123.7 5.9
大盛 1337 39.9 51.8 178.7 7.4
メガ 1681 46.5 59.7 240.2 10.0
ミニ 641 18.2 30.1 75.1 3.8
並盛 903 23.5 37.8 118.4 5.4
大盛 1218 29.6 45.5 173.4 7.0
メガ 1562 36.2 53.5 234.9 9.5
ミニ 401 9.1 8.1 73.5 2.2
並盛 663 14.4 15.7 116.8 3.8
大盛 978 20.6 23.5 171.9 5.4
メガ 1321 27.2 31.4 233.3 7.9
ミニ 817 29.4 43.4 78.1 4.9
並盛 1080 34.7 51.1 121.4 6.5
大盛 1394 40.8 58.8 176.5 8.1
メガ 1738 47.4 66.8 237.9 10.6
ミニ 577 20.3 21.4 76.5 3.3
並盛 839 25.6 29.0 119.8 4.9
大盛 1154 31.8 36.8 174.9 6.4
メガ 1497 38.4 44.7 236.3 9.0
ミニ 778 26.8 38.0 82.8 4.4
並盛 1041 32.1 45.6 126.0 6.0
大盛 1355 38.3 53.4 181.1 7.5
メガ 1699 44.9 61.3 242.6 10.1
チキン・お食事サラダ
牛・お食事サラダ
とろ～りチーズカレー
ソーセージカレー
おんたまカレー
チーズおんたまカレー
おんたま牛カレー
チーズ牛カレー
ほうれん草カレー
チーズほうれん草カレー
カ
レ
ー
肉2倍牛カレー
チーズソーセージカレー
牛カレー
カレー
牛丼ライト（テイクアウト）
牛
丼
ラ
イ
ト
キムチ牛丼ライト
お食事サラダ

-- 3 of 9 --

(kcal) (g) (g) (g) (g)
カロリー 食塩相当量	脂質	たんぱく質
サイズ	カテゴリー メニュー 炭水化物
ミニ 700 24.6 32.6 77.6 3.4
並盛 963 29.9 40.2 120.9 5.0
大盛 1277 36.1 48.0 176.0 6.6
メガ 1621 42.7 56.0 237.4 9.1
ミニ 517 16.6 17.6 73.7 2.4
並盛 779 21.9 25.2 117.0 4.0
大盛 1094 28.1 33.0 172.1 5.6
メガ 1438 34.7 41.0 233.6 8.1
ミニ 757 25.6 39.6 75.3 4.1
並盛 1020 30.9 47.3 118.6 5.7
大盛 1334 37.1 55.0 173.7 7.3
メガ 1678 43.7 63.0 235.1 9.8
ミニ 631 28.5 20.0 84.1 4.5
並盛 893 33.8 27.7 127.4 6.1
大盛 1208 40.0 35.4 182.5 7.7
メガ 1551 46.6 43.4 243.9 10.2
ミニ 867 49.5 32.0 95.2 6.8
並盛 1129 54.8 39.6 138.4 8.4
大盛 1444 61.0 47.4 193.5 10.0
メガ 1787 67.6 55.4 255.0 12.5
ミニ 1103 70.4 43.9 106.2 9.1
並盛 1365 75.7 51.6 149.5 10.7
大盛 1680 81.9 59.4 204.6 12.3
メガ 2023 88.5 67.3 266.0 14.8
ミニ 673 30.6 20.6 91.3 4.6
並盛 936 35.9 28.3 134.5 6.2
大盛 1250 42.1 36.0 189.6 7.8
メガ 1594 48.7 44.0 251.1 10.3
ミニ 673 29.9 21.6 89.9 5.3
並盛 936 35.2 29.3 133.2 6.9
大盛 1250 41.4 37.0 188.3 8.5
メガ 1594 48.0 45.0 249.7 11.0
14 0.2 0.7 1.6 0.5
ミニ 604 29.4 14.1 89.2 3.4
並盛 673 30.6 14.4 104.8 3.4
大盛 794 32.6 14.8 132.2 3.4
特盛 971 47.9 21.3 145.1 6.0
ミニ 673 29.9 21.1 90.4 4.1
並盛 742 31.1 21.4 106.0 4.1
大盛 863 33.1 21.8 133.4 4.1
特盛 1040 48.4 28.2 146.3 6.6
ミニ 620 30.6 14.2 93.5 3.4
並盛 689 31.8 14.5 109.1 3.4
大盛 810 33.8 14.9 136.5 3.4
特盛 987 49.1 21.3 149.4 6.0
並盛 170 20.8 8.2 2.7 0.7
並盛 580 27.6 9.6 95.0 1.4
大盛 705 29.7 10.0 123.3 1.6
特盛 864 49.5 18.0 124.0 2.2
並盛 687 35.0 16.4 99.2 2.5
大盛 812 37.1 16.8 127.5 2.7
特盛 1000 57.5 25.9 132.3 4.2
並盛 628 29.0 9.6 105.5 1.5
大盛 753 31.1 10.0 133.8 1.8
特盛 912 50.9 18.0 134.6 2.3
ごはん少なめ 458 27.1 3.3 79.1 1.1
並盛 527 28.3 3.6 94.7 1.1
大盛 652 30.4 4.0 122.9 1.3
特盛 760 50.8 5.9 124.0 1.7
ポークロックカレー
ポークロックカレー 肉ダブル
ポークロックカレー 肉トリプル
にんにくポークロックカレー
にんにくファイヤーポークロックカレー
こ
だ
わ
り
丼
カ
レ
ー
まぐろユッケ丼
目玉焼きソーセージカレー
目玉焼きほうれん草カレー
明太マヨ旨だしとりそぼろ丼
鉄火丼
山かけまぐろたたき丼
オクラ旨だしとりそぼろ丼
まぐろたたき丼
まぐろたたき皿
旨だしとりそぼろ丼
目玉焼き牛カレー
すき家の特製辛口ソース

-- 4 of 9 --

(kcal) (g) (g) (g) (g)
カロリー 食塩相当量	脂質	たんぱく質
サイズ	カテゴリー メニュー 炭水化物
ごはん少なめ 618 46.9 11.3 80.0 1.6
並盛 687 48.1 11.6 95.6 1.6
大盛 812 50.2 12.0 123.9 1.9
特盛 920 70.7 13.9 125.0 2.2
ごはん少なめ 506 28.5 3.3 89.6 1.2
並盛 575 29.7 3.6 105.2 1.2
大盛 700 31.8 4.0 133.5 1.5
特盛 808 52.2 5.9 134.6 1.8
ごはん少なめ 687 43.3 13.7 98.2 1.4
並盛 756 44.5 14.0 113.8 1.4
大盛 881 46.6 14.4 142.1 1.7
特盛 989 67.0 16.3 143.2 2.0
並盛 757 27.4 22.5 108.0 2.5
大盛 878 29.4 23.0 139.3 2.5
特盛 1075 39.3 38.0 145.1 3.9
ごはん少なめ 860 27.1 38.7 100.9 4.6
並盛 929 28.3 39.0 116.5 4.6
大盛 1067 30.6 39.5 147.8 4.6
特盛 1552 50.2 76.5 166.0 7.1
ごはん少なめ 1007 36.7 51.6 98.9 3.9
並盛 1075 37.9 51.9 114.5 3.9
大盛 1213 40.2 52.4 145.8 3.9
特盛 1698 59.9 89.4 164.1 6.4
ごはん少なめ 946 33.8 45.3 101.2 3.7
並盛 1015 35.0 45.6 116.8 3.7
大盛 1153 37.3 46.1 148.1 3.7
特盛 1638 56.9 83.1 166.4 6.2
ごはん少なめ 873 27.5 38.9 103.0 3.0
並盛 942 28.7 39.3 118.6 3.0
大盛 1080 31.0 39.8 149.9 3.0
特盛 1565 50.6 76.8 168.2 5.4
ごはん少なめ 1071 36.6 56.0 105.0 4.2
並盛 1140 37.8 56.3 120.6 4.2
大盛 1278 40.1 56.8 151.9 4.2
特盛 1635 51.3 83.7 169.7 6.1
ごはん少なめ 973 29.7 46.2 109.5 5.4
並盛 1043 30.9 46.5 125.1 5.4
大盛 1181 33.2 47.0 156.4 5.4
特盛 1665 52.9 84.0 174.6 7.8
ごはん少なめ 904 27.4 42.3 104.8 4.0
並盛 973 28.6 42.6 120.4 4.0
大盛 1111 30.9 43.1 151.7 4.0
特盛 1596 50.6 80.1 170.0 6.4
ごはん少なめ 947 29.4 42.9 111.9 4.1
並盛 1016 30.6 43.2 127.6 4.1
大盛 1154 32.9 43.7 158.9 4.1
特盛 1639 52.6 80.7 177.1 6.5
ごはん少なめ 990 30.8 44.5 117.7 4.9
並盛 1059 32.0 44.8 133.4 4.9
大盛 1197 34.3 45.3 164.7 4.9
特盛 1681 53.9 82.3 182.9 7.4
ごはん少なめ 759 20.8 33.3 94.8 4.2
並盛 828 22.0 33.5 110.4 4.2
大盛 949 24.0 33.9 137.8 4.2
特盛 1146 33.9 49.0 143.6 5.5
ごはん少なめ 842 27.5 38.9 95.0 4.4
並盛 911 28.7 39.2 110.6 4.4
大盛 1032 30.7 39.6 138.0 4.4
特盛 1229 40.6 54.6 143.8 5.7
こ
だ
わ
り
丼
ニンニクの芽牛カルビ焼肉丼
ダブルニンニク牛カルビ焼肉丼
トリプルニンニク牛カルビ焼肉丼
鉄火たたき丼
キムチ牛カルビ焼肉丼
チーズ牛カルビ焼肉丼
ねぎ玉牛カルビ焼肉丼
にんにく牛カルビ焼肉丼
山かけ鉄火丼
ばくだん鉄火丼
おんたま牛ネバとろ丼
にんにく明太マヨキムチ牛カルビ焼肉丼
にんにく明太マヨチーズ牛カルビ焼肉丼
シビ辛麻婆茄子牛丼
おんたまシビ辛麻婆茄子牛丼

-- 5 of 9 --

(kcal) (g) (g) (g) (g)
カロリー 食塩相当量	脂質	たんぱく質
サイズ	カテゴリー メニュー 炭水化物
並盛 255 16.0 17.3 8.5 1.8
特盛 509 31.9 34.6 16.8 3.7
並盛 662 22.8 18.7 100.2 2.2
大盛 791 24.9 19.1 129.4 2.5
特盛 1028 40.6 36.4 134.1 3.7
ごはん少なめ 677 28.4 24.1 84.7 2.3
並盛 746 29.7 24.4 100.3 2.4
大盛 876 31.8 24.8 129.5 2.7
特盛 1113 47.4 42.1 134.1 3.9
ごはん少なめ 645 23.0 18.5 95.9 2.4
並盛 714 24.3 18.8 111.5 2.4
大盛 844 26.4 19.2 140.7 2.7
特盛 1081 42.1 36.5 145.4 3.9
並盛 443 25.3 33.0 11.4 2.0
特盛 685 40.8 50.9 16.0 2.9
ごはん少なめ 791 31.0 34.0 89.9 3.0
並盛 860 32.2 34.3 105.5 3.0
大盛 990 34.4 34.7 134.8 3.3
特盛 1232 49.8 52.7 139.3 4.2
ごはん少なめ 875 37.9 39.7 90.1 3.2
並盛 945 39.1 40.1 105.7 3.2
大盛 1074 41.2 40.5 134.9 3.5
特盛 1316 56.7 58.4 139.5 4.4
ごはん少なめ 844 32.5 34.1 101.2 3.2
並盛 913 33.7 34.4 116.8 3.2
大盛 1043 35.8 34.8 146.1 3.5
特盛 1284 51.3 52.8 150.6 4.4
並盛 831 31.7 30.8 106.3 4.8
中盛 965 38.3 41.2 109.8 5.6
２倍盛 1115 45.8 52.6 114.0 6.6
並盛 766 25.8 25.1 110.0 5.9
中盛 831 31.2 35.2 97.9 6.7
２倍盛 1067 40.2 46.9 121.6 7.7
並盛 883 33.1 30.9 117.6 5.0
中盛 1015 39.6 41.1 121.2 6.7
２倍盛 1167 47.2 52.7 125.3 6.7
ミニ 434 21.1 10.1 65.7 4.6
並盛 572 23.4 10.6 96.9 4.6
大盛 694 25.6 11.0 124.5 4.6
ミニ 482 22.3 13.0 71.8 3.4
並盛 620 24.6 13.5 103.0 3.4
大盛 741 26.6 13.9 130.4 3.4
ミニ 602 35.3 20.5 71.9 4.8
並盛 740 37.6 21.0 103.1 4.8
大盛 861 39.6 21.4 130.5 4.8
ミニ 549 22.0 22.5 65.7 3.7
並盛 687 24.3 23.0 96.9 3.7
大盛 808 26.3 23.4 124.3 3.7
ミニ 720 36.2 32.8 71.8 3.9
並盛 858 38.5 33.3 103.0 3.9
大盛 979 40.5 33.7 130.4 3.9
ミニ 392 14.8 8.1 65.2 2.4
並盛 531 17.1 8.6 96.4 2.4
大盛 652 19.1 9.0 123.8 2.4
ミニ 481 22.2 12.8 71.2 2.4
並盛 619 24.5 13.3 102.4 2.4
大盛 740 26.5 13.7 129.8 2.4
朝
食
うな皿
定
食 納豆定食
うな丼
う
な
ぎ
鮭・納豆定食
うな牛皿
おんたまうな丼
山かけうな丼
おんたまうな牛
さば納豆定食
牛皿定食
納豆まぜのっけ朝食
おろしポン酢牛皿定食
山かけうな牛
さば定食
鮭定食
山かけとろろ牛皿定食
うな牛
まぜのっけ朝食

-- 6 of 9 --

(kcal) (g) (g) (g) (g)
カロリー 食塩相当量	脂質	たんぱく質
サイズ	カテゴリー メニュー 炭水化物
ミニ 503 20.3 16.2 69.0 3.3
並盛 641 22.6 16.7 100.2 3.3
大盛 762 24.6 17.1 127.6 3.3
ミニ 514 27.9 15.7 65.3 3.9
並盛 652 30.2 16.2 96.5 3.9
大盛 773 32.2 16.6 123.9 3.9
ミニ 628 28.7 27.9 65.3 2.9
並盛 766 31.0 28.4 96.5 2.9
大盛 887 33.0 28.8 123.9 2.9
ミニ 422 15.6 10.3 67.5 3.1
並盛 560 17.9 10.8 98.7 3.1
大盛 681 19.9 11.2 126.1 3.1
ミニ 510 23.0 15.0 73.4 3.1
並盛 648 25.3 15.5 104.6 3.1
大盛 769 27.3 15.9 132.0 3.1
ミニ 532 21.1 18.4 71.2 4.0
並盛 670 23.4 18.9 102.4 4.0
大盛 791 25.4 19.3 129.8 4.0
ミニ 542 28.6 17.8 67.6 4.5
並盛 680 30.9 18.3 98.8 4.5
大盛 797 32.9 18.7 126.2 4.5
ミニ 657 29.5 30.1 67.6 3.6
並盛 795 31.8 30.6 98.8 3.6
大盛 916 33.8 31.0 126.2 3.6
ミニ 579 21.1 24.6 69.7 4.0
並盛 717 23.4 25.1 100.9 4.0
大盛 838 25.4 25.5 128.3 4.0
ミニ 668 28.4 29.3 75.7 4.0
並盛 806 30.7 29.8 106.9 4.0
大盛 927 32.7 30.2 134.3 4.0
ミニ 687 26.4 32.7 72.7 4.9
並盛 825 28.7 33.2 103.9 4.9
大盛 946 30.7 33.6 131.3 4.9
ミニ 554 20.8 22.4 68.2 3.8
並盛 692 23.1 22.9 99.4 3.8
大盛 813 25.1 23.3 126.8 3.8
ミニ 643 28.2 27.1 74.1 3.8
並盛 781 30.5 27.6 105.3 3.8
大盛 902 32.5 28.0 132.7 3.8
ミニ 664 26.4 30.5 71.9 4.7
並盛 802 28.7 31.0 103.1 4.7
大盛 923 30.7 31.4 130.5 4.7
ミニ 458 21.8 12.1 67.4 4.3
並盛 596 24.1 12.6 98.6 4.3
大盛 713 26.1 13.0 126.0 4.3
ミニ 546 29.2 16.8 73.3 4.3
並盛 684 31.5 17.3 104.5 4.3
大盛 801 33.5 17.7 131.9 4.3
ミニ 589 29.4 22.1 71.2 3.9
並盛 727 31.7 22.6 102.4 3.9
大盛 848 33.7 23.0 129.8 3.9
朝
食
納豆焼鮭朝食
ソーセージエッグ朝食
牛小鉢ベーコンエッグ朝食
自社製ベーコンエッグ朝食
牛焼鮭朝食
焼鮭たまかけ朝食
納豆ベーコンエッグ朝食
牛小鉢ソーセージエッグ朝食
焼鮭朝食
納豆ソーセージエッグ朝食
焼鮭まぜのっけ朝食
たまかけ朝食
牛まぜのっけ朝食
塩さばたまかけ朝食
納豆たまかけ朝食
塩さばまぜのっけ朝食
牛たまかけ朝食

-- 7 of 9 --

(kcal) (g) (g) (g) (g)
カロリー 食塩相当量	脂質	たんぱく質
サイズ	カテゴリー メニュー 炭水化物
ミニ 573 22.7 24.4 67.4 3.4
並盛 711 25.0 24.9 98.6 3.4
大盛 832 27.0 25.3 126.0 3.4
ミニ 661 30.1 29.2 73.3 3.4
並盛 799 32.4 29.7 104.5 3.4
大盛 920 34.4 30.1 131.9 3.4
ミニ 703 29.3 32.9 71.3 4.8
並盛 841 31.6 33.4 102.5 4.8
大盛 962 33.6 33.8 129.9 4.8
362 12.2 15.5 43.7 1.0
410 14.9 18.6 46.2 1.7
258 5.9 3.4 51.1 1.3
307 8.6 6.5 53.6 1.8
319 20.8 5.5 47.0 1.9
19 0.0 0.0 5.1 0.1
19 0.5 0.0 5.1 0.0
24 0.5 0.0 5.6 0.0
118 0.0 0.0 30.0 0.0
143 0.5 0.3 35.0 0.0
129 0.0 0.0 32.7 0.0
122 0.5 0.3 29.7 0.0
111 0.6 0.6 29.1 0.0
113 0.2 0.4 27.9 0.0
ミニ 260 4.4 0.9 58.7 0.0
並盛 398 6.7 1.4 89.9 0.0
大盛 519 8.7 1.8 117.3 0.0
38 2.4 1.4 4.3 2.2
114 7.9 5.6 8.0 2.8
112 7.7 4.6 10.2 2.1
249 6.0 14.3 24.2 3.2
51 3.1 1.7 6.3 3.1
131 9.9 7.3 6.5 3.3
123 9.2 7.3 4.2 2.4
126 9.8 6.2 7.8 2.2
64 3.8 1.9 9.3 2.3
74 4.5 1.9 11.6 2.3
28 1.5 0.3 5.9 0.1
37 2.1 0.3 8.2 0.1
80 2.4 6.2 3.9 1.1
13 0.7 0.1 2.3 0.9
110 5.5 8.1 3.7 0.9
84 6.9 5.7 0.2 0.2
84 6.9 5.7 0.2 0.2
２個 123 10.1 6.8 5.2 0.8
６個 368 30.4 20.5 15.5 2.5
100 5.1 8.8 0.0 0.7
125 5.3 11.0 1.6 0.9
85 16.1 1.4 2.1 0.4
120 13.0 7.5 0.1 1.4
235 13.9 19.9 0.1 0.5
48 1.4 0.0 10.6 0.1
30 2.4 0.1 5.9 0.9
30 1.6 0.4 5.0 1.8
38 1.5 2.2 3.9 0.6
43 2.0 0.6 7.2 0.1
0 0.0 0.0 0.0 0.0
88 7.4 4.7 3.8 0.0
すきすきセット（黒烏龍茶）
冷やっこセット
お子様牛丼
お子様とりそぼろ丼
オクラサラダセット（ドレッシング除く）
おんたま
すきすきセット（緑茶）
すきすきセット（コーラ）
すきすきセット（カルピス）
すきすきセット（ファンタメロン）
3点セット
すきすきセット（爽健美茶）
お子様チーズカレー
お子様チーズ牛丼
お子様カレー
カレールー
一
品
すきすきセット
お子様メニュー
山かけ
すきすきセット（オレンジジュース）
ごはん
おしんこセット
納豆塩さば朝食
朝
食
塩さば朝食
キムチ
シーザーサラダ
青ねぎ
みそ汁
すきすきセット（りんごジュース）
季節の小鉢
鮭
牛小鉢
オクラサラダ（ドレッシング除く）
サラダ（ドレッシング除く）
かつぶしオクラ
冷やし汁
フライドにんにく
おしんこ
塩サバ
たまご
ソーセージ
からあげ
冷やっこ
とん汁
たまごセット
ベーコン
サラダセット（ドレッシング除く）
すきすきセット（ぶどうジュース）
ささみチキン
牛塩さば朝食

-- 8 of 9 --

(kcal) (g) (g) (g) (g)
カロリー 食塩相当量	脂質	たんぱく質
サイズ	カテゴリー メニュー 炭水化物
90 7.0 4.7 5.9 0.0
3 0.4 0.0 0.4 0.0
19 0.4 0.7 2.7 0.6
179 11.2 13.6 3.4 1.1
110 0.3 12.1 0.1 0.3
23 1.0 0.1 5.8 1.1
100 1.8 8.9 4.4 2.0
29 1.2 2.0 2.9 1.4
71 0.6 6.9 1.5 0.6
487 19.7 37.2 18.4 2.5
２倍盛 972 39.4 74.2 36.6 5.0
43 1.4 1.6 5.8 0.8
74 1.9 4.0 9.0 1.1
117 4.0 4.6 16.1 1.2
159 5.3 6.1 21.9 2.0
241 21.1 12.0 12.2 2.5
94 0.2 0.4 22.8 0.0
92 0.6 0.6 24.0 0.0
210 2.0 0.0 15.0 0.1
0 0.0 0.0 0.0 0.0
M 99 0.0 0.0 24.8 0.0
L 133 0.0 0.0 33.5 0.0
M 108 0.5 0.2 24.6 0.0
L 146 0.6 0.3 33.2 0.0
M 110 0.0 0.0 27.6 0.0
L 149 0.0 0.0 37.2 0.0
M 122 0.5 0.2 29.9 0.0
L 164 0.6 0.3 40.3 0.0
0 0.0 0.0 0.0 0.0
0 0.5 0.0 0.0 0.0
5 0.5 0.0 0.5 0.1
138 0.4 0.2 33.1 0.0
メガ 276 0.9 0.4 66.1 0.0
0 0.0 0.0 0.1 0.0
M 1 0.0 0.0 0.1 0.0
L 1 0.1 0.0 0.2 0.0
S 176 3.5 6.4 26.2 0.3
M 252 5.0 9.2 37.4 0.4
L 340 6.8 12.4 50.5 0.5
S 194 3.8 6.6 30.1 0.3
M 275 5.4 9.4 42.7 0.4
L 375 7.4 12.8 58.4 0.6
S 199 3.5 6.4 31.9 0.3
M 283 5.1 9.2 45.1 0.4
L 386 6.8 12.4 62.0 0.5
S 221 3.5 6.5 37.4 0.3
M 305 5.0 9.2 50.8 0.4
L 410 6.8 12.5 68.0 0.5
12 0.0 0.0 3.0 0.0
37 0.0 0.0 9.2 0.0
11 0.2 1.0 0.2 0.0
19 0.1 0.0 5.1 0.0
190 3.3 13.1 14.0 0.1
198 3.1 11.8 20.1 0.1
ノンアルコールビール
にんにくファイヤー
トリプルニンニク
コチュジャンだれ
一
品
レモネードスカッシュ
おろしポン酢
高菜明太マヨ
明太マヨ
高菜
納豆
ダブルニンニク
ポークロック
すき家特製マヨネーズ
コカ・コーラ
カルピス
ニンニクの芽
とろ～り3種チーズ
牛カルビ焼肉皿
※店舗によって、お取り扱いメニューが異なる場合がございます。
スティックシュガー
ガムシロップ
コーヒーフレッシュ
なめらかカラメルぷりん
Sukiシェイク バニラ
カットりんご
緑茶
黒鳥龍茶
ホットコーヒー（砂糖・ミルクを除く）
アイスコーヒー（砂糖・ミルクを除く）
Sukiシェイク ラムネ
Sukiシェイク 抹茶
とろけるダブルショコラ
Sukiシェイク マスカット
ド
リ
ン
ク
・
デ
ザ
ー
ト
ぶどうジュース
ミニッツメイドオレンジ
ファンタメロン
爽健美茶
アサヒスーパードライ（中瓶）
りんごジュース
味付のり

-- 9 of 9 --

